201 12
273 5
386 31
394 6
397 10
509 41
511 28
518 32
829 4
1002 23
1154 33
1208 25
1301 36
1377 43
1387 40
1608 29
1871 38
1900 48
2118 22
2223 11
2627 50
2759 46
2938 14
3060 47
3075 16
3149 42
3258 9
3679 16
3861 23
3864 34
3884 46
4067 23
4106 44
4217 7
4260 44
4313 7
4352 36
4355 14
4885 11
4954 3
5463 49
5584 12
5613 48
6103 18
6127 50
6132 13
6204 9
6332 42
6344 44
6475 1
6730 4
6850 16
7072 47
7550 27
7696 16
7821 36
7926 3
8274 30
8300 30
8661 34
8763 7
8881 38
8949 45
8962 50
9172 29
9419 45
9553 12
9665 34
9758 6
9767 8
9772 32
9986 38
9998 31
10155 49
10412 48
10612 24
10660 31
